var coords = [
[51.99887344452015, 4.373919314083898],
[50.640905448846844, 5.576339468753864],
[51.99890876246819, 4.373856157386804],
[50.64080928754125, 5.576356982688613],
[50.66983829827518, 4.615379107769267],
[50.6408367317285, 5.576358841382638],
[52.08004727172268, 4.311328769100516],
[45.20257421693376, 5.703087724686682],
[40.48560378776392, -74.43191294734102],
[43.23271529441963, 5.440814761089165],
[51.99888451563979, 4.373870992655147],
[50.64082537736537, 5.576350589830956],
[50.640888561047305, 5.576368650326083],
[52.08104171482305, 5.127591400216312],
[50.640877352937856, 5.576391094983202],
[56.415724027230205, -5.473494382660158],
[53.40617990872187, -2.966714937843703],
[50.64090686578371, 5.576398946259373],
[50.81275714031713, 4.379368902229159],
[48.85666639592653, 2.3514961521987114],
[50.81281466929362, 4.379434760397054],
[48.429223696294216, -123.36555337890518],
[45.20261656130123, 5.70306830367596],
[50.81274902789413, 4.379417398132135],
[53.39438082756107, -3.0191946626900585],
[54.33917628293854, 10.123882811031041],
[48.39055840765393, -4.486078357863672],
[30.611841813085643, -96.35211078891109],
[50.669816345621825, 4.615344723621642],
[50.64087406335126, 5.576388092280915],
[50.64081356242538, 5.576401286316358],
[55.680225090496805, 12.57225902215727],
[52.001876236584174, 4.367786177924965],
[50.64083498356402, 5.576388728517715],
[50.64081883324242, 5.576373198186877],
[50.640838332032516, 5.57640467694535],
[42.35843885707164, -71.09577735246454],
[51.99884717870736, 4.3738896184881995],
[44.10709271358969, 9.82817905728622],
[49.257960590717985, -123.25212159133166],
[48.42925788775118, -123.36549252029012],
[50.640838370821534, 5.576376862022584],
[50.640905005018304, 5.576422844380178],
[50.64088863506404, 5.576350137714672],
[50.64086816709048, 5.576361282098766],
[50.81281923338688, 4.379389186208851],
[50.64084063834915, 5.576355250725993],
[44.68356658371616, -63.611808109059965],
[50.812842753788004, 4.37940752270497],
[50.669853349597375, 4.615402702953237],
[54.33909024336818, 10.123845776381478],
[52.1764418667047, 0.143051755392573],
[50.640817851131345, 5.576411152523014],
[50.81279279571357, 4.37940341886113],
[45.65479514255474, 13.77465714561583],
[45.202649229420985, 5.703044796162503],
[52.080043401579665, 4.311315442021157],
[53.40620905304808, -2.9667524519395414],
[48.429299871357365, -123.36554614088989],
[52.176467099776694, 0.1430600708119468],
[50.798860462579796, 4.357935926181397],
[57.707272677733805, 11.966970684065144],
[57.70726263877085, 11.96697458479598],
[50.84656129912408, 4.351655233345087],
[50.64088852988634, 5.576418671637043],
[54.33908408587456, 10.12387801295359],
[51.9988187, 4.37392311388339],
[50.64080705, 5.57643469040658],
[51.9988187, 4.37392311388339],
[50.64080705, 5.57643469040658],
[50.6697934, 4.61543],
[50.64080705, 5.57643469040658],
[52.0799838, 4.3113461],
[45.2025742, 5.70312368173045],
[40.4855746, -74.4319015],
[43.2326651, 5.4408365],
[51.9988187, 4.37392311388339],
[50.64080705, 5.57643469040658],
[50.64080705, 5.57643469040658],
[52.08095165, 5.12768031549829],
[50.64080705, 5.57643469040658],
[56.415695, -5.4734688],
[53.406179, -2.96670818619252],
[50.64080705, 5.57643469040658],
[50.8127449, 4.3794563],
[48.8566101, 2.3514992],
[50.8127449, 4.3794563],
[48.429201, -123.365479],
[45.2025742, 5.70312368173045],
[50.8127449, 4.3794563],
[53.3943509, -3.0191569],
[54.3390767, 10.1239389],
[48.3905283, -4.4860088],
[30.61179915, -96.352044754213],
[50.6697934, 4.61543],
[50.64080705, 5.57643469040658],
[50.64080705, 5.57643469040658],
[55.68021235, 12.5722603783936],
[52.00181665, 4.36786688932018],
[50.64080705, 5.57643469040658],
[50.64080705, 5.57643469040658],
[50.64080705, 5.57643469040658],
[42.3583961, -71.0956778766393],
[51.9988187, 4.37392311388339],
[44.107033, 9.8282255],
[49.2578964, -123.2520838],
[48.429201, -123.365479],
[50.64080705, 5.57643469040658],
[50.64080705, 5.57643469040658],
[50.64080705, 5.57643469040658],
[50.64080705, 5.57643469040658],
[50.8127449, 4.3794563],
[50.64080705, 5.57643469040658],
[44.68347605, -63.6117894624515],
[50.8127449, 4.3794563],
[50.6697934, 4.61543],
[54.3390767, 10.1239389],
[52.17638955, 0.143088815415187],
[50.64080705, 5.57643469040658],
[50.8127449, 4.3794563],
[45.6547635, 13.7746768],
[45.2025742, 5.70312368173045],
[52.0799838, 4.3113461],
[53.406179, -2.96670818619252],
[48.429201, -123.365479],
[52.17638955, 0.143088815415187],
[50.79882175, 4.35797555107304],
[57.7072326, 11.9670171],
[57.7072326, 11.9670171],
[50.8465573, 4.351697],
[50.64080705, 5.57643469040658],
[54.3390767, 10.1239389],
[50.64080705, 5.57643469040658],
[50.64080705, 5.57643469040658],
[42.0551164, -87.6758111348217],
[52.0799838, 4.3113461],
[48.3905283, -4.4860088],
[45.2025742, 5.70312368173045],
[54.3390767, 10.1239389],
[32.87801565, -117.231087588328],
[50.64080705, 5.57643469040658],
[50.64080705, 5.57643469040658],
[56.415695, -5.4734688],
[53.3943509, -3.0191569],
[50.64080705, 5.57643469040658],
[48.8566101, 2.3514992],
[50.6697934, 4.61543],
[48.8566101, 2.3514992],
[54.3390767, 10.1239389],
[54.3390767, 10.1239389],
[37.9841493, 23.7279843],
[50.6697934, 4.61543],
[50.64080705, 5.57643469040658],
[54.3390767, 10.1239389],
[54.3216753, 10.1371858],
[53.550341, 10.000654],
[50.64080705, 5.57643469040658],
[50.64080705, 5.57643469040658],
[47.6543209, -122.308006590495],
[50.64080705, 5.57643469040658],
[-33.88902715, 151.189420694852],
[41.52357285, -70.6673477693833],
[52.17638955, 0.143088815415187],
[52.6221571, 1.2409136],
[54.3390767, 10.1239389],
[51.9988187, 4.37392311388339],
[50.64080705, 5.57643469040658],
[50.64080705, 5.57643469040658],
[50.64080705, 5.57643469040658],
[50.89273635, -1.39464294664816],
[52.08095165, 5.12768031549829],
[53.48060265, 10.2407734812091],
[43.2961743, 5.3699525],
[37.9513575, -91.771792],
[48.8421055, 2.35624382180362],
[50.64080705, 5.57643469040658],
[41.52357285, -70.6673477693833],
[50.64080705, 5.57643469040658],
[57.68181265, 11.9506022104325],
[51.21029905, 4.44038950644955],
[40.7964652, -77.862789491026],
[51.1354099, -0.6467123],
[50.79882175, 4.35797555107304],
[44.8178787, 20.4568089],
[50.89273635, -1.39464294664816],
[50.64080705, 5.57643469040658],
[50.84206275, 4.32291920467802],
[38.8231381, -77.0178902],
[50.84206275, 4.32291920467802],
[48.8987, 2.15122],
[50.84206275, 4.32291920467802],
[45.182151, 5.7274722],
[52.6221571, 1.2409136],
[48.8566101, 2.3514992],
[50.64080705, 5.57643469040658],
[44.680372, -63.572388],
[50.64080705, 5.57643469040658],
[57.1381323, -2.07061236042695],
[52.1038467, 5.19093085070224],
[50.64080705, 5.57643469040658],
[52.4766308, 1.7537638],
[55.91029135, -3.32345761821767],
[48.429201, -123.365479],
[41.4899827, -71.3137707],
[43.299011, -79.8010683676067],
[53.3943509, -3.0191569],
[44.680372, -63.572388],
[37.9841493, 23.7279843],
[45.4972159, -73.6103642],
[50.84206275, 4.32291920467802],
[54.3216753, 10.1371858],
[50.64080705, 5.57643469040658],
[41.4861229, -71.5271299],
[50.81220515, 4.38211047852559],
[50.64080705, 5.57643469040658],
[50.64080705, 5.57643469040658],
[41.4899827, -71.3137707],
[45.182151, 5.7274722],
[44.107033, 9.8282255],
[50.84206275, 4.32291920467802],
[50.64080705, 5.57643469040658],
[53.48060265, 10.2407734812091],
[50.64080705, 5.57643469040658],
[50.64080705, 5.57643469040658],
[52.6221571, 1.2409136],
[41.4899827, -71.3137707],
[37.9841493, 23.7279843],
[50.64080705, 5.57643469040658],
[50.64080705, 5.57643469040658],
[45.182151, 5.7274722],
[52.1038467, 5.19093085070224],
[42.988576, -81.246643],
[50.79882175, 4.35797555107304],
[41.4899827, -71.3137707],
[50.8127449, 4.3794563],
[50.89273635, -1.39464294664816],
[53.0775961, 4.90573113717644],
]
